3.230295
3.161030
3.177458
3.217705
2.936132
3.339328
2.820224
3.259632
3.285772
3.233893
3.139968
3.406515
3.232014
3.373221
3.342206
3.498202
3.257594
3.361269
2.976019
2.964668
3.265907
3.236811
3.214148
2.911351
3.063030
2.777219
3.096202
3.308474
3.274742
3.064908
3.433213
3.384692
3.355915
3.284652
3.142925
3.354197
2.954397
3.205674
2.994684
2.965987
3.601478
3.294804
2.741687
3.019904
3.150320
3.376098
3.303318
3.457354
3.062631
3.346522
3.378258
3.244924
3.194125
3.172621
3.520983
3.360311
3.289168
3.549640
3.135093
3.135372
3.170344
3.189449
3.466265
3.083093
3.511591
3.621223
2.956434
3.022981
3.312510
3.271463
3.281574
3.361751
3.414669
3.456276
3.041687
3.216787
3.380497
3.277496
3.065067
3.385971
3.223182
3.048442
3.254596
2.993366
3.251719
3.037570
2.932174
3.404836
3.439967
3.407635
3.096723
3.353436
3.373581
3.340928
3.186491
3.024900
3.226099
3.235811
3.191845
3.240606
