5.843764
5.146004
5.624462
4.879695
5.629536
5.192966
5.545405
5.378138
5.072063
5.565626
5.559113
5.294644
5.611308
5.635171
5.248522
5.727619
5.473102
5.593086
5.352037
5.618027
5.230135
5.799041
5.468427
5.736689
5.205835
5.457715
5.492927
5.316428
5.236489
5.649441
5.579256
5.411311
5.730016
5.735611
5.345762
5.698482
5.454755
5.363790
5.445843
5.716506
5.514030
5.678258
5.324939
5.599122
5.279099
5.202638
5.680335
5.063469
5.697681
5.594685
5.425618
5.653197
5.667624
5.585331
5.361271
5.548679
5.366387
5.524221
5.561230
5.713989
5.698281
5.784013
5.287970
5.238129
5.550600
5.425138
5.541008
4.896842
5.705874
4.967587
5.234093
5.903078
5.165747
5.261312
5.466067
5.230095
5.342045
5.544284
5.836410
5.436771
5.740765
5.176099
5.326099
5.574101
5.198961
5.574021
5.635611
5.381775
5.734612
5.415187
5.859832
5.071503
5.757473
5.786849
5.404397
5.695044
5.545124
5.000839
5.287250
5.395642
