0.97300
0.95000
0.94000
0.98000
0.93300
0.98100
0.95600
0.95200
0.98300
0.96600
0.96200
0.98300
0.96100
0.97600
0.96600
0.98100
0.95200
0.92700
0.95100
0.95400
0.95400
0.96900
0.96300
0.93300
0.98300
0.95100
0.94800
0.96200
0.99500
0.97000
0.96500
0.94700
0.94200
0.96500
0.97000
0.98000
0.98400
0.88900
0.96600
0.97500
0.96300
0.98200
0.98300
0.95200
0.95600
0.96200
0.91400
0.94900
0.96900
0.98100
0.89900
0.97300
0.97600
0.94200
0.97800
0.94800
0.96700
0.93300
0.97500
0.95400
0.98400
0.94200
0.98000
0.96300
0.97100
0.95300
0.97600
0.98300
0.94500
0.97500
0.97400
0.99300
0.96900
0.94000
0.97100
0.97700
0.96300
0.96800
0.96100
0.93500
0.90000
0.92500
0.98500
0.99400
0.98200
0.95600
0.97200
0.98500
0.92000
0.96700
0.96900
0.97300
0.93400
0.98000
0.98700
0.96100
0.91600
0.97400
0.95700
0.92700
