0.68400
0.78700
0.69000
0.71000
0.65000
0.60600
0.67300
0.64800
0.68400
0.62200
0.71800
0.68300
0.70300
0.74200
0.74200
0.73200
0.72400
0.65800
0.70400
0.69200
0.64400
0.66900
0.69900
0.80000
0.73900
0.76500
0.71600
0.61700
0.77600
0.74500
0.71100
0.67400
0.65900
0.69900
0.70100
0.72400
0.64400
0.69400
0.72300
0.63300
0.76400
0.63700
0.76500
0.63200
0.61300
0.62200
0.64800
0.71800
0.69900
0.65900
0.64300
0.67100
0.77100
0.71100
0.70700
0.69900
0.67800
0.63200
0.62400
0.70800
0.73000
0.75300
0.68100
0.69900
0.71700
0.65200
0.58100
0.73900
0.68300
0.75800
0.75200
0.70100
0.69600
0.72100
0.69900
0.77000
0.67400
0.73600
0.72100
0.80200
0.60800
0.68700
0.78400
0.64900
0.68600
0.69000
0.67400
0.62100
0.71100
0.62100
0.73900
0.62700
0.69700
0.69300
0.72900
0.62000
0.66900
0.79400
0.74500
0.65400
