0.93200
0.98100
0.91500
0.95600
0.95700
0.92100
0.93900
0.95300
0.92400
0.93100
0.94000
0.94300
0.94600
0.95500
0.90000
0.92100
0.93800
0.92300
0.97200
0.95400
0.94100
0.91300
0.97100
0.95300
0.92500
0.93700
0.94700
0.96600
0.96200
0.95100
0.93000
0.93300
0.93900
0.95900
0.95500
0.96200
0.93200
0.94800
0.89800
0.96700
0.95600
0.89800
0.91300
0.93400
0.93800
0.98400
0.91800
0.93500
0.82300
0.95400
0.86400
0.92700
0.95500
0.94200
0.94800
0.99000
0.90700
0.92700
0.92700
0.94200
0.96700
0.95900
0.86600
0.92600
0.90300
0.93900
0.98300
0.95400
0.89500
0.96700
0.96300
0.89300
0.94500
0.93600
0.90700
0.85200
0.96500
0.94700
0.91900
0.94900
0.92300
0.97800
0.92600
0.94200
0.85700
0.93200
0.95000
0.92000
0.94500
0.90700
0.93000
0.93700
0.96300
0.94000
0.93900
0.97200
0.95600
0.93200
0.95000
0.90700
