0.48000
0.64900
0.53000
0.50800
0.55100
0.57000
0.54900
0.44600
0.59400
0.50600
0.53100
0.47400
0.56500
0.56600
0.48500
0.47000
0.54400
0.47400
0.48600
0.55400
0.48600
0.48700
0.52100
0.46700
0.51300
0.51500
0.50900
0.52400
0.49200
0.54300
0.49500
0.51900
0.60300
0.51300
0.51200
0.60900
0.49400
0.51400
0.48200
0.60200
0.58600
0.52000
0.54300
0.55500
0.60500
0.54700
0.50700
0.55500
0.49900
0.54600
0.53100
0.55000
0.52700
0.53200
0.53200
0.46600
0.50600
0.50100
0.49300
0.52800
0.47200
0.52400
0.56500
0.47500
0.55100
0.46700
0.51900
0.52800
0.53700
0.48000
0.50300
0.52700
0.47200
0.52500
0.44900
0.58000
0.52000
0.47300
0.54400
0.55000
0.47500
0.54600
0.57000
0.51200
0.49800
0.49600
0.51400
0.50200
0.54900
0.57500
0.51600
0.59400
0.53000
0.47000
0.52500
0.57500
0.47400
0.51000
0.45700
0.52400
