3.045843
3.394684
3.369184
3.182535
3.568785
3.020664
3.208074
3.220623
3.070743
3.070863
3.478136
3.275220
3.274299
3.155515
3.352799
3.371863
3.253358
3.487449
3.009192
3.415787
3.193006
2.994005
3.022663
3.247002
3.227059
3.221382
3.266387
3.110951
3.279576
3.338530
3.108713
3.028617
2.914269
2.977738
3.649000
3.050398
3.360191
3.104676
2.814589
3.139248
3.387650
2.980935
3.247482
3.357634
3.529375
3.310671
3.055396
3.333613
2.927298
3.408512
3.378977
3.151320
3.237968
3.101399
3.317745
3.012711
3.054276
3.238570
3.510911
3.145044
3.161150
3.038450
3.032215
3.077019
3.004116
3.182774
3.256275
3.108274
3.022701
3.425180
3.157154
3.216627
3.230376
3.102717
3.251878
3.058034
3.545964
3.325340
3.094205
3.285931
3.470942
3.252517
3.416666
3.197921
3.123621
3.072982
3.350239
3.016067
3.209312
3.123702
3.242885
3.204195
2.957313
3.113949
3.231575
3.101959
3.252079
3.350679
2.942646
3.090008
