5.409513
5.280695
5.391846
4.975378
5.259472
5.045604
5.088288
5.198480
5.262350
5.214309
5.030375
5.109232
5.324382
5.140926
5.381414
5.593763
5.419066
5.504158
5.364988
5.658235
5.316307
5.107194
5.510592
5.061872
4.996000
5.318026
5.186770
5.292884
5.536051
5.479816
4.970863
5.490008
5.523500
5.272061
5.624181
5.028537
5.409111
5.184013
5.226181
4.820902
5.350561
5.187610
5.359352
5.290846
5.406714
5.452838
5.301797
5.394324
5.285932
4.720704
5.314350
5.460551
5.096522
5.356315
5.346043
5.223340
5.068106
5.404356
4.770704
4.815547
5.456515
5.121422
4.772421
5.017746
5.077856
5.258833
5.509433
5.297601
4.962470
5.175381
5.199361
5.395245
5.150161
5.427496
4.850281
5.592565
5.197642
5.237130
5.115506
5.823421
5.308514
5.373340
5.476739
5.451439
5.463349
5.135093
4.954196
5.354476
5.314148
4.872060
5.552559
4.897801
5.501561
5.489809
5.352998
4.892606
5.520144
5.496523
5.448999
4.823422
